##### UNIFORM RESOURCE ALLOCATION #####
225.0
225.0
225.0
225.0
134.0
134.0
43.0
43.0
225.0
225.0
225.0
88.5
43.0
134.0
43.0
225.0
225.0
43.0
225.0
43.0
225.0
134.0
225.0
225.0
43.0
134.0
43.0
43.0
43.0
103.666666667
43.0
225.0
134.0
134.0
225.0
134.0
225.0
103.666666667
43.0
225.0
43.0
43.0
225.0
41.8
134.0
43.0
225.0
225.0
42.6
225.0
 
##### EQUAL RESOURCE ALLOCATION #####
0.5
225.0
0.5
225.0
-74.3333333333
225.0
0.5
225.0
0.5
0.5
0.5
225.0
225.0
225.0
225.0
0.5
225.0
225.0
0.5
0.5
0.5
0.5
225.0
0.5
0.5
0.5
0.5
225.0
0.5
0.5
0.5
0.5
225.0
225.0
0.5
-224.0
225.0
0.5
0.5
0.5
0.5
0.5
225.0
0.5
0.5
225.0
225.0
-74.3333333333
0.5
0.5
 
##### DUMB RESOURCE ALLOCATION #####
-223.333333333
0.5
0.5
-74.3333333333
-224.0
-224.0
0.5
-224.0
-224.0
225.0
-74.3333333333
0.5
225.0
0.5
-224.0
225.0
225.0
0.5
0.5
-224.0
225.0
-224.0
0.5
-224.0
-224.0
225.0
-224.0
-224.0
-224.0
0.5
-224.0
0.5
225.0
225.0
-223.666666667
-224.0
225.0
-224.0
1.0
225.0
-224.0
-224.0
225.0
0.5
225.0
225.0
0.5
-224.0
-74.3333333333
-224.0