### Q-LEARN w/ 9 COUNTRIES, NIGERIA:1, 10 RESOURCES ####
20.0
-24.75
35.0
35.0
20.0
-24.5
-24.0
35.0
20.0
19.0
-23.5
1.33333333333
35.0
-24.25
0.5
2.0
-7.0
2.0
20.0
-7.5
35.0
35.0
35.0
20.0
35.0
20.0
35.0
-33.3333333333
20.0
-24.75
35.0
0.5
35.0
-24.75
35.0
20.0
-24.25
35.0
20.0
-24.0
20.0
-7.5
-24.25
35.0
-24.25
-23.5
-7.0
20.0
35.0
-19.2
-23.25
35.0
-18.2
35.0
-24.0
-24.25
-24.0
35.0
20.0
3.25
-18.2
35.0
-18.4
2.0
15.0
-24.25
35.0
35.0
35.0
-18.4
-23.75
35.0
-18.2
-18.4
-23.75
35.0
35.0
0.5
1.0
35.0
-23.75
35.0
20.0
-24.75
15.0
20.0
-4.6
35.0
18.0
-33.6666666667
20.0
20.0
2.0
2.33333333333
19.0
35.0
35.0
1.33333333333
35.0
35.0
-22.75
-18.0
15.0
35.0
-18.8
20.0
-24.0
20.0
35.0
35.0
20.0
2.75
35.0
-32.0
-18.4
2.75
-24.0
20.0
35.0
-18.0
20.0
-18.2
-17.6
35.0
14.3333333333
-18.4
20.0
19.0
-24.75
20.0
35.0
20.0
35.0
35.0
20.0
-23.75
-33.6666666667
19.0
35.0
19.0
2.0
-6.5
35.0
20.0
-24.75
-22.75
-17.4
-17.0
-18.0
-18.4


## Q-LEARN W/ 9 COUNTRIES, NIGERIA:1, RESOURCES = 15
-23.25
20.0
-22.75
-24.25
-7.5
-18.4
35.0
19.0
-14.0
0.5
-23.75
35.0
2.75
35.0
20.0
35.0
-5.4
-4.4
35.0
35.0
15.0
20.0
19.0
2.0
-18.0
35.0
-18.0
2.25
35.0
-18.2
20.0
2.25
1.66666666667
35.0
15.0
-34.0
20.0
-19.6
19.0
-14.3333333333
-7.0
-19.0
35.0
-17.6
-18.2
-4.6
-14.3333333333
35.0
20.0
35.0
15.0
35.0
-23.5
35.0
-14.6666666667
11.5
15.0
11.5
35.0
35.0
35.0
35.0
35.0
15.0
3.2
35.0
-18.0
35.0
15.0
-24.25
15.0
-18.4
-23.5
20.0
-18.8
35.0
-23.5
20.0
19.0
15.0
15.0
-33.3333333333
-14.5
-13.5
3.2
-24.25
-15.8333333333
35.0
35.0
20.0
2.0
20.0
15.0
-11.8571428571
35.0
-2.83333333333
14.3333333333
-7.0
-33.6666666667
35.0
-24.0
35.0
-24.25
-23.75
20.0
-23.75
1.66666666667
35.0
20.0
35.0
-19.2
-24.25
35.0
20.0
20.0
35.0
20.0
2.0
2.0
35.0
20.0
35.0
35.0
-24.0
20.0
35.0
35.0
20.0
20.0
35.0
35.0
20.0
20.0
35.0
-24.25
2.0
35.0
-24.0
35.0
35.0
-23.75
-7.0
1.33333333333
-24.0
35.0
20.0
20.0
20.0
0.5
12.5